陈天文：
 [[ 0.99999152 -0.00329707 -0.00246658 -0.03246541]
 [ 0.0031023   0.99716479 -0.07518476 -0.11118974]
 [ 0.00270748  0.07517647  0.99716657  0.02687988]
 [ 0.          0.          0.          1.        ]]

郑连驰
 [[ 0.99949191  0.03154544  0.0045607  -0.04269248]
 [-0.03102917  0.99572017 -0.08705474 -0.08600058]
 [-0.00728736  0.086869    0.99619309  0.02201965]
 [ 0.          0.          0.          1.        ]]

 [[ 9.99845788e-01  2.49326703e-03  1.73834183e-02 -4.65255346e-02]
 [-9.93051026e-04  9.96313469e-01 -8.57816118e-02 -8.88916381e-02]
 [-1.75332103e-02  8.57511206e-02  9.96162302e-01  3.14525180e-02]
 [ 0.00000000e+00  0.00000000e+00  0.00000000e+00  1.00000000e+00]]
